1.451540033783783838e+04 1.436929054054053950e+03 4.108175675675675507e+02 2.064601351351351241e+03 2.126959459459459367e+02 5.353040540540540349e+00 8.364442567567567721e+02 2.257094594594594739e+01 1.858108108108108211e-02 5.945945945945946276e-01 1.858108108108108211e-02 2.740202702702702808e+01 1.719594594594594517e+00 3.783783783783783994e-01 1.537162162162162282e-01 4.611486486486486291e-01 2.809121621621621490e+00 1.436655405405405439e+01 2.913006756756756843e+01 8.547297297297297147e-01 2.050675675675675880e+00 1.257770270270270352e+01 3.674155405405405617e+01 5.787500000000000000e+01 9.092905405405405261e+00 2.956081081081081141e+00 3.733108108108108003e-01 6.870270270270270885e+01 1.403040540540540526e+01 6.735135135135135442e+01 3.511824324324324120e+00 3.510270270270270316e+02 3.614864864864865135e-01 1.497366554054053950e+03 5.356418918918919303e+00 1.116334459459459509e+02 7.094814189189189619e+02 1.175675675675675658e+00 5.103885135135135442e+01 4.633445945945945610e+00 1.081081081081081141e-01 1.403547297297297369e+01 2.229729729729729715e-01 4.402027027027027195e+00 4.696790540540540349e+01 3.378378378378378566e-02 0.000000000000000000e+00 3.508445945945946054e+00 8.626689189189189477e+00 0.000000000000000000e+00 0.000000000000000000e+00 1.689189189189189283e-03 6.552364864864864913e+00 2.753378378378378510e+00 1.104729729729729826e+00 2.162162162162162282e-01 0.000000000000000000e+00 0.000000000000000000e+00 3.986486486486486291e-01 3.547297297297297147e-02 7.449324324324324564e-01 1.773648648648648574e-01 3.293918918918918859e-01 3.851351351351351426e-01 1.300675675675675713e-01 5.067567567567567849e-03 0.000000000000000000e+00 0.000000000000000000e+00 4.560810810810810717e-02 3.716216216216216423e-02 2.043918918918918859e-01 4.391891891891892136e-02 3.378378378378378566e-02 0.000000000000000000e+00 2.533783783783783924e-02 3.902027027027026862e-01 7.596283783783784216e+00 3.581081081081081141e-01 1.013513513513513570e-02 2.209459459459459651e+00 1.858108108108108211e-02 0.000000000000000000e+00 3.564189189189189144e-01
1.436929054054053950e+03 3.287548986486486683e+03 1.059543918918918877e+02 4.884797297297297547e+01 9.189915540540540633e+02 3.422466216216216139e+01 1.242197635135135215e+03 1.581959459459459367e+02 9.983108108108108558e-01 4.358108108108107892e+00 6.756756756756757132e-03 1.013513513513513570e-01 1.824324324324324287e-01 1.689189189189189283e-03 8.277027027027027140e-02 3.554054054054053946e+00 6.807432432432432456e+00 5.873310810810810523e+00 9.337837837837838606e+00 7.483108108108108558e-01 8.462837837837837718e-01 4.761824324324324564e+00 1.142229729729729648e+01 2.216216216216216139e+01 7.521959459459459651e+00 2.260135135135135087e+00 2.871621621621621781e-02 4.440878378378378066e+00 5.143581081081080697e+00 2.266047297297297192e+01 3.699324324324324564e-01 3.468412162162162105e+01 3.006756756756756577e-01 4.860371621621621898e+02 7.401858108108108070e+01 7.475337837837837185e+01 1.041619932432432506e+03 1.091722972972972983e+01 4.645270270270270285e-01 3.959459459459459651e+00 1.689189189189189283e-02 7.263513513513513153e-01 1.586148648648648685e+00 5.929054054054053724e-01 1.157094594594594517e+00 4.560810810810810717e-02 0.000000000000000000e+00 7.217905405405405261e+00 3.121621621621621490e+00 0.000000000000000000e+00 0.000000000000000000e+00 0.000000000000000000e+00 1.722972972972972860e-01 3.378378378378378566e-03 1.689189189189189283e-03 0.000000000000000000e+00 0.000000000000000000e+00 0.000000000000000000e+00 3.682432432432432567e-01 5.067567567567567849e-03 9.290540540540540015e-02 9.290540540540540015e-02 1.435810810810810856e-01 6.081081081081081419e-02 1.418918918918918859e-01 1.351351351351351426e-02 1.689189189189189283e-03 0.000000000000000000e+00 0.000000000000000000e+00 3.378378378378378566e-03 3.378378378378378566e-02 0.000000000000000000e+00 1.013513513513513570e-02 0.000000000000000000e+00 1.689189189189189283e-03 1.064189189189189144e-01 3.243243243243243423e-01 1.402027027027027140e-01 0.000000000000000000e+00 2.195945945945946068e-02 9.966216216216215729e-02 0.000000000000000000e+00 1.216216216216216284e-01
4.108175675675675507e+02 1.059543918918918877e+02 6.680337837837837469e+02 3.882989864864865126e+02 2.094594594594594739e+01 3.293918918918918859e-01 4.766858108108108354e+02 1.640658783783783861e+02 1.925675675675675713e-01 3.935810810810810856e-01 2.364864864864864996e-02 1.201013513513513598e+00 6.841216216216216006e-01 2.939189189189189144e-01 4.054054054054054279e-02 4.932432432432432567e-01 1.508445945945946054e+00 1.429054054054053946e+00 4.673986486486486847e+00 2.685810810810810856e-01 4.729729729729729992e-02 5.287162162162162282e-01 3.979729729729729826e+00 3.185810810810810967e+00 7.972972972972972583e-01 1.452702702702702575e-01 8.445945945945946415e-03 6.476351351351351759e+00 2.820945945945946054e+00 1.600506756756756843e+01 9.256756756756756577e-01 3.511486486486486314e+01 3.344594594594594850e-01 6.751182432432432279e+01 3.019425675675675791e+01 1.713918918918919019e+02 4.374070945945945823e+02 8.702702702702703519e+00 5.993243243243242979e+00 5.405405405405405705e-02 1.520270270270270355e-02 2.256081081081081052e+01 2.849662162162162282e+00 7.729222972972972627e+01 9.996790540540540349e+01 2.922297297297297147e-01 1.689189189189189283e-03 9.830405405405404906e+01 7.085641891891891930e+01 1.908783783783783716e-01 2.195945945945946068e-02 1.182432432432432498e-02 6.871621621621621934e+00 1.260135135135135087e+00 3.462837837837837718e-01 1.131756756756756715e-01 1.013513513513513570e-02 0.000000000000000000e+00 2.533783783783783924e-02 0.000000000000000000e+00 7.449324324324324564e-01 2.364864864864864996e-02 1.689189189189189283e-03 1.013513513513513570e-02 6.756756756756757132e-03 0.000000000000000000e+00 0.000000000000000000e+00 0.000000000000000000e+00 1.858108108108108211e-02 5.067567567567567849e-03 4.391891891891892136e-02 0.000000000000000000e+00 8.614864864864864302e-02 0.000000000000000000e+00 0.000000000000000000e+00 2.229729729729729715e-01 7.881756756756757021e+00 1.283783783783783716e-01 6.756756756756757132e-03 1.452702702702702631e+00 1.013513513513513570e-02 0.000000000000000000e+00 4.560810810810810717e-02
2.064601351351351241e+03 4.884797297297297547e+01 3.882989864864865126e+02 9.337038851351351695e+03 4.096283783783784216e+00 3.378378378378378566e-02 4.272635135135135442e+01 6.155979729729730252e+02 4.222972972972972860e-02 1.334459459459459429e-01 4.898648648648648574e-01 5.725540540540540633e+02 3.060304054054054035e+01 7.103040540540540349e+00 3.435810810810810967e+00 1.300675675675675713e-01 1.444256756756756799e+00 3.777027027027027195e+00 1.370608108108108070e+01 8.324324324324324564e+00 3.648648648648648574e-01 8.868243243243243423e-01 8.091216216216215784e+00 9.006756756756756133e+00 2.305743243243243423e+00 4.222972972972973138e-01 1.452702702702702575e-01 5.505405405405405617e+01 9.317567567567568432e+00 5.243918918918918592e+01 2.751689189189189033e+00 2.383310810810810949e+02 2.466216216216216284e-01 1.821334459459459367e+02 8.131756756756756133e+00 6.617905405405405190e+02 9.357195945945945823e+02 3.199324324324324120e+00 5.148310810810810381e+02 2.601351351351351426e-01 1.081081081081081141e-01 4.220743243243243228e+02 4.959459459459459651e+00 3.222010135135134874e+02 7.811300675675676075e+02 1.875000000000000000e-01 2.195945945945946068e-02 4.090202702702702595e+02 2.092939189189189051e+02 2.364864864864864996e-02 4.560810810810810717e-02 2.533783783783783924e-02 9.865540540540540349e+01 2.554222972972972983e+01 6.844594594594594739e+00 2.310810810810810967e+00 2.871621621621621781e-02 0.000000000000000000e+00 3.378378378378378566e-02 8.445945945945946415e-03 2.567567567567567544e+00 3.378378378378378566e-03 8.445945945945946415e-03 3.209459459459459291e-02 8.445945945945946415e-03 1.689189189189189283e-03 8.445945945945946415e-03 0.000000000000000000e+00 8.969594594594594295e-01 3.716216216216216423e-02 5.388513513513513153e-01 1.266891891891891997e-01 1.314189189189189255e+00 0.000000000000000000e+00 5.675675675675675436e-01 1.351351351351351426e-01 8.880574324324324209e+01 1.771959459459459429e+00 3.378378378378378566e-03 2.958614864864864913e+01 2.702702702702702853e-02 8.445945945945946415e-03 9.966216216216215729e-02
2.126959459459459367e+02 9.189915540540540633e+02 2.094594594594594739e+01 4.096283783783784216e+00 6.053503378378378329e+03 1.468915540540540633e+03 2.637827702702702481e+03 6.590456081081081265e+02 4.063006756756756488e+01 5.925000000000000000e+01 1.858108108108108003e-01 4.712837837837837718e-01 3.040540540540540571e-01 1.283783783783783716e-01 4.222972972972972860e-02 1.196790540540540526e+01 5.260979729729729826e+01 4.152027027027027195e+00 1.244256756756756843e+01 2.922297297297297147e-01 5.827702702702702853e-01 2.226351351351351315e+00 4.989864864864864913e+00 1.038344594594594561e+01 2.005067567567567544e+00 2.280405405405405428e-01 2.871621621621621781e-02 3.125000000000000000e-01 3.271959459459459651e+00 1.100337837837837895e+01 2.572635135135135087e+00 1.939189189189189122e+01 4.290540540540540571e-01 1.530229729729729797e+03 1.511655405405405475e+02 5.933445945945945965e+01 9.686689189189189619e+02 2.002195945945945965e+01 3.378378378378378566e-03 1.773648648648648685e+00 0.000000000000000000e+00 3.243243243243243423e-01 1.217905405405405483e+00 2.905405405405405150e-01 1.128378378378378288e+00 1.511824324324324342e+00 7.601351351351351426e-02 1.350675675675675613e+01 7.060810810810810523e+00 2.533783783783783924e-02 3.209459459459459291e-02 3.378378378378378566e-03 1.266891891891891997e-01 4.054054054054054279e-02 6.756756756756757132e-03 0.000000000000000000e+00 0.000000000000000000e+00 0.000000000000000000e+00 2.871621621621621781e-02 5.067567567567567849e-03 9.290540540540540015e-02 1.013513513513513570e-02 5.067567567567567849e-02 2.027027027027027140e-02 1.064189189189189144e-01 0.000000000000000000e+00 0.000000000000000000e+00 0.000000000000000000e+00 0.000000000000000000e+00 3.378378378378378566e-03 1.013513513513513570e-02 0.000000000000000000e+00 3.378378378378378566e-03 0.000000000000000000e+00 3.209459459459459291e-02 1.452702702702702575e-01 3.192567567567567433e-01 1.587837837837837718e-01 0.000000000000000000e+00 6.756756756756757132e-03 1.689189189189189283e-02 0.000000000000000000e+00 3.378378378378378566e-03
5.353040540540540349e+00 3.422466216216216139e+01 3.293918918918918859e-01 3.378378378378378566e-02 1.468915540540540633e+03 4.287216216216215798e+03 1.355018581081081038e+03 1.492932432432432506e+03 1.244673986486486456e+03 2.578410472972972912e+03 1.275337837837837940e+00 6.925675675675675713e-02 1.875000000000000000e-01 1.300675675675675713e-01 2.364864864864864996e-02 4.276689189189189477e+01 2.559256756756756772e+02 1.877195945945945965e+01 8.323817567567567721e+01 7.010135135135134865e-01 1.013513513513513570e-02 8.614864864864864302e-02 5.084459459459459429e-01 1.067567567567567544e+00 8.327702702702702853e-01 5.067567567567567849e-03 0.000000000000000000e+00 1.013513513513513570e-02 1.024831081081081052e+01 3.874324324324324209e+01 9.123310810810810523e+00 2.634290540540540704e+01 1.971283783783783772e+00 9.607347972972972912e+02 3.266047297297297547e+01 9.430743243243243867e+00 2.620000000000000000e+02 7.439189189189189477e+00 0.000000000000000000e+00 1.858108108108108211e-02 0.000000000000000000e+00 2.195945945945946068e-02 1.773648648648648574e-01 0.000000000000000000e+00 5.067567567567567849e-03 2.160472972972972805e+00 1.798986486486486402e+00 1.445439189189189122e+01 1.673986486486486314e+01 5.253378378378378288e-01 1.013513513513513570e-01 2.702702702702702853e-02 5.067567567567567849e-03 2.128378378378378288e-01 1.638513513513513431e-01 1.013513513513513570e-02 3.378378378378378566e-03 0.000000000000000000e+00 3.040540540540540709e-02 3.378378378378378566e-03 4.391891891891892136e-02 5.067567567567567849e-03 1.858108108108108211e-02 1.182432432432432498e-02 1.689189189189189283e-03 0.000000000000000000e+00 0.000000000000000000e+00 0.000000000000000000e+00 0.000000000000000000e+00 8.445945945945946415e-03 1.182432432432432498e-02 0.000000000000000000e+00 5.067567567567567849e-03 0.000000000000000000e+00 2.314189189189189144e-01 1.407094594594594517e+00 1.170608108108108114e+00 7.195945945945946276e-01 1.689189189189189283e-02 0.000000000000000000e+00 0.000000000000000000e+00 0.000000000000000000e+00 3.378378378378378566e-03
8.364442567567567721e+02 1.242197635135135215e+03 4.766858108108108354e+02 4.272635135135135442e+01 2.637827702702702481e+03 1.355018581081081038e+03 3.049527195945946005e+04 3.813876689189189165e+03 2.165109797297297519e+03 4.643902027027027088e+02 4.476351351351351426e-01 5.574324324324324564e-01 8.885135135135134865e-01 2.297297297297297425e-01 1.182432432432432429e-01 2.442905405405405261e+01 5.571452702702702453e+01 1.484290540540540526e+01 6.404054054054054745e+01 2.905405405405405150e-01 6.418918918918918859e-01 1.375000000000000000e+00 1.697972972972972983e+01 1.854729729729729826e+01 7.533783783783784216e+00 9.391891891891891442e-01 1.047297297297297286e-01 8.560810810810810523e+00 1.474662162162162105e+01 3.781418918918918592e+01 3.760135135135135087e+00 5.291554054054054035e+01 1.260135135135135087e+00 1.991486486486486456e+02 3.626908783783783861e+02 3.862398648648648418e+02 1.503765202702702709e+03 6.037500000000000000e+01 1.927364864864864913e+00 6.891891891891891442e-01 1.182432432432432498e-02 9.599662162162161394e+00 5.383445945945945610e+00 1.662162162162162105e+01 3.117905405405405261e+01 3.515202702702702631e+00 2.251689189189189033e+00 1.209256756756756772e+02 1.364391891891891930e+02 2.033783783783783772e+00 1.858108108108108003e-01 6.081081081081081419e-02 1.467905405405405483e+00 9.577702702702702853e-01 4.662162162162162282e-01 1.182432432432432429e-01 2.871621621621621781e-02 0.000000000000000000e+00 1.097972972972972999e-01 2.702702702702702853e-02 5.084459459459459429e-01 3.378378378378378566e-02 1.030405405405405428e-01 1.300675675675675713e-01 6.081081081081081419e-02 0.000000000000000000e+00 8.445945945945946415e-03 0.000000000000000000e+00 3.378378378378378566e-03 8.445945945945946415e-03 1.030405405405405428e-01 0.000000000000000000e+00 2.195945945945945998e-01 0.000000000000000000e+00 4.560810810810810856e-01 3.070945945945946054e+00 9.746621621621621046e+00 1.527027027027026973e+00 3.547297297297297147e-02 3.699324324324324564e-01 4.054054054054054279e-02 3.378378378378378566e-03 1.351351351351351426e-01
2.257094594594594739e+01 1.581959459459459367e+02 1.640658783783783861e+02 6.155979729729730252e+02 6.590456081081081265e+02 1.492932432432432506e+03 3.813876689189189165e+03 2.897798479729729661e+04 3.796648648648648759e+03 3.033981418918918735e+03 7.950996621621621898e+02 1.006891891891891873e+03 1.673141891891891873e+03 7.633665540540540633e+02 1.171841216216216282e+02 8.845608108108108070e+01 2.125844594594594525e+02 3.007601351351351227e+01 1.118648648648648702e+02 5.792364864864864558e+02 8.277027027027027140e-02 4.222972972972972860e-02 1.353040540540540571e+00 9.510135135135134865e-01 9.814189189189189699e-01 4.114864864864864913e+00 3.918918918918918859e-01 1.027027027027026973e+00 4.268581081081080697e+00 2.279898648648648773e+01 2.929054054054053946e+00 1.927195945945945965e+01 7.398648648648649129e-01 2.094831081081080981e+02 6.498800675675676075e+02 2.084898648648648702e+02 9.013716216216216708e+02 1.522820945945945823e+02 6.462837837837837718e+00 6.976351351351350871e-01 3.378378378378378566e-03 4.343243243243243512e+01 3.450506756756756488e+01 1.647753378378378386e+02 1.889476351351351298e+02 2.486993243243243157e+01 4.225844594594594383e+01 1.267672297297297291e+03 6.397391891891891646e+03 6.221621621621621756e+01 5.297466216216216139e+01 1.882652027027027088e+02 5.508783783783783861e+01 6.092567567567567721e+01 3.112331081081081052e+01 5.165540540540540349e+00 1.371621621621621712e+00 1.621621621621621712e-01 7.381756756756756577e-01 1.418918918918918859e-01 1.796621621621621756e+01 7.939189189189188589e-02 7.094594594594594295e-02 9.459459459459459985e-02 2.804054054054054279e-01 3.885135135135135004e-02 5.574324324324324287e-02 1.858108108108108211e-02 1.520270270270270285e-01 9.459459459459459985e-02 8.783783783783784271e-02 2.533783783783783924e-02 3.885135135135134865e-01 0.000000000000000000e+00 1.105067567567567544e+01 7.961486486486487024e+01 1.289121621621621614e+02 3.012668918918918948e+01 3.478040540540540349e+00 3.212837837837837718e+00 4.543918918918918859e-01 0.000000000000000000e+00 5.067567567567567849e-03
1.858108108108108211e-02 9.983108108108108558e-01 1.925675675675675713e-01 4.222972972972972860e-02 4.063006756756756488e+01 1.244673986486486456e+03 2.165109797297297519e+03 3.796648648648648759e+03 7.468528716216215798e+03 3.872353040540540405e+03 6.920608108108107892e+00 0.000000000000000000e+00 1.858108108108108211e-02 8.445945945945946415e-03 1.689189189189189283e-03 1.926030405405405475e+02 4.370439189189189477e+01 4.843750000000000000e+01 2.012027027027027088e+02 3.750000000000000000e-01 5.743243243243243562e-02 3.209459459459459291e-02 8.158783783783783994e-01 1.182432432432432498e-02 2.043918918918918859e-01 0.000000000000000000e+00 0.000000000000000000e+00 1.199324324324324287e-01 1.745270270270270174e+01 4.358614864864864558e+01 1.136824324324324342e+00 4.417229729729729826e+00 2.787162162162162282e-01 4.570945945945945610e+00 7.565033783783783861e+01 4.961486486486486314e+01 7.257939189189188767e+01 7.106418918918919303e+00 1.689189189189189283e-03 3.378378378378378566e-02 0.000000000000000000e+00 2.871621621621621781e-02 4.003378378378378288e-01 3.547297297297297147e-02 1.689189189189189283e-02 3.929054054054053946e+00 6.314189189189189477e+00 2.106418918918918948e+01 7.093243243243243512e+01 1.180743243243243157e+01 1.673986486486486402e+00 5.033783783783783994e-01 0.000000000000000000e+00 3.108108108108108003e-01 1.706081081081081141e-01 3.378378378378378566e-03 1.182432432432432429e-01 1.689189189189189283e-03 5.067567567567567849e-03 2.027027027027027140e-02 2.567567567567567433e-01 1.689189189189189283e-03 1.689189189189189283e-03 0.000000000000000000e+00 5.067567567567567849e-03 0.000000000000000000e+00 1.689189189189189283e-03 0.000000000000000000e+00 0.000000000000000000e+00 3.378378378378378566e-03 2.195945945945946068e-02 0.000000000000000000e+00 0.000000000000000000e+00 0.000000000000000000e+00 7.415540540540540571e-01 6.939189189189189477e+00 1.611148648648648773e+01 1.996621621621621712e+00 2.989864864864865135e-01 1.351351351351351426e-02 8.445945945945946415e-03 0.000000000000000000e+00 5.067567567567567849e-03
5.945945945945946276e-01 4.358108108108107892e+00 3.935810810810810856e-01 1.334459459459459429e-01 5.925000000000000000e+01 2.578410472972972912e+03 4.643902027027027088e+02 3.033981418918918735e+03 3.872353040540540405e+03 1.756923141891892010e+04 8.592871621621621898e+02 3.547297297297297147e-02 3.834459459459459429e-01 4.842905405405405261e+00 5.067567567567567849e-03 9.575886824324325062e+03 1.237025337837837924e+03 5.545929054054054177e+02 1.572331081081081038e+03 6.285472972972972805e+00 8.445945945945945721e-02 5.912162162162162143e-02 2.190878378378378510e+00 9.121621621621621434e-02 2.726351351351351315e+00 1.841216216216216284e-01 3.209459459459459291e-02 4.341216216216216006e-01 1.057939189189189193e+02 2.637195945945945823e+02 2.055067567567567721e+01 2.529054054054054035e+01 2.346283783783783772e+00 7.222364864864864558e+02 8.154611486486486456e+02 1.032972972972972912e+02 7.303209459459459367e+02 3.466875000000000000e+02 1.064189189189189144e-01 2.145270270270270285e-01 3.378378378378378566e-03 1.385135135135135143e-01 5.067567567567567849e-03 3.716216216216216423e-02 6.756756756756757132e-03 1.226351351351351315e+00 6.777027027027027195e+00 4.437500000000000000e+00 7.601351351351351582e+01 8.344594594594594739e+00 8.271283783783783861e+01 2.442500000000000000e+02 1.689189189189189283e-03 1.351351351351351426e-02 2.886824324324324120e+00 2.770270270270270285e-01 1.145101351351351404e+01 7.094594594594594295e-02 3.552364864864864913e+00 9.290540540540540015e-02 2.361486486486486314e+01 8.445945945945946415e-03 3.209459459459459291e-02 1.182432432432432498e-02 2.753378378378378288e-01 6.756756756756757132e-02 7.094594594594594295e-02 5.067567567567567849e-03 3.378378378378378566e-03 2.702702702702702853e-02 2.533783783783783924e-02 2.364864864864864996e-02 2.027027027027027140e-02 0.000000000000000000e+00 2.677364864864864913e+00 2.096452702702702808e+01 4.418243243243243512e+01 2.920608108108107892e+00 5.709459459459459429e-01 1.334459459459459429e-01 7.668918918918918859e-01 0.000000000000000000e+00 1.064189189189189255e+00
1.858108108108108211e-02 6.756756756756757132e-03 2.364864864864864996e-02 4.898648648648648574e-01 1.858108108108108003e-01 1.275337837837837940e+00 4.476351351351351426e-01 7.950996621621621898e+02 6.920608108108107892e+00 8.592871621621621898e+02 6.656469594594595037e+03 1.244763513513513509e+01 1.181790540540540491e+02 1.030195945945946050e+03 1.619932432432432456e+00 8.904358108108108354e+02 6.030405405405405705e-01 2.011672297297297405e+02 2.690878378378378510e+00 1.044442567567567494e+03 0.000000000000000000e+00 3.378378378378378566e-03 2.702702702702702853e-02 0.000000000000000000e+00 0.000000000000000000e+00 1.858108108108108211e-02 0.000000000000000000e+00 0.000000000000000000e+00 2.263513513513513431e-01 6.959459459459459429e-01 2.584459459459459429e-01 1.121621621621621712e+00 7.229729729729730270e-01 1.291891891891891930e+01 1.846706081081080981e+02 3.134459459459459296e+01 8.146283783783783861e+01 5.980574324324324209e+01 8.614864864864864302e-02 5.067567567567567849e-03 5.067567567567567849e-03 2.837837837837837718e-01 8.445945945945946415e-03 3.716216216216216423e-02 1.486486486486486569e-01 1.858108108108108211e-02 5.000000000000000000e-01 8.479729729729730270e-01 2.032770270270270316e+02 6.300675675675675436e-01 2.550152027027027088e+02 1.204646959459459367e+03 7.939189189189188589e-02 9.966216216216215729e-02 3.087500000000000000e+01 3.423986486486486402e+00 8.308783783783783861e+01 8.614864864864864302e-02 5.112500000000000000e+01 3.361486486486486291e-01 2.512162162162162247e+02 3.885135135135135004e-02 6.418918918918918581e-02 1.182432432432432498e-02 6.064189189189189699e-01 4.560810810810810717e-02 9.459459459459459985e-02 3.378378378378378566e-03 1.689189189189189283e-03 9.459459459459459985e-02 1.554054054054054002e-01 1.689189189189189283e-03 1.993243243243243146e-01 1.689189189189189283e-03 7.314189189189189699e-01 5.642398648648648418e+01 5.773479729729729826e+01 3.511824324324324120e+00 2.119932432432432456e+00 1.520270270270270285e-01 2.005067567567567544e+00 0.000000000000000000e+00 4.138513513513513709e-01
2.740202702702702808e+01 1.013513513513513570e-01 1.201013513513513598e+00 5.725540540540540633e+02 4.712837837837837718e-01 6.925675675675675713e-02 5.574324324324324564e-01 1.006891891891891873e+03 0.000000000000000000e+00 3.547297297297297147e-02 1.244763513513513509e+01 1.702986486486486456e+03 5.043648648648648418e+02 8.974493243243243512e+01 4.038851351351351582e+01 1.418918918918918859e-01 0.000000000000000000e+00 3.442567567567567544e+00 2.195945945945946068e-02 1.313952702702702595e+02 1.351351351351351426e-02 5.067567567567567849e-03 6.756756756756757132e-03 2.702702702702702853e-02 1.520270270270270355e-02 2.736486486486486291e-01 2.364864864864864996e-02 6.638513513513513153e-01 4.222972972972972860e-02 5.625000000000000000e-01 8.445945945945946415e-03 2.364864864864864913e+00 0.000000000000000000e+00 1.601351351351351315e+00 6.081081081081081141e-01 4.050675675675675436e+00 4.418581081081081408e+01 1.655405405405405428e-01 1.843935810810810949e+02 1.266891891891891997e-01 0.000000000000000000e+00 4.504054054054054035e+01 1.537162162162162282e-01 2.413851351351351227e+01 5.809290540540540349e+01 2.533783783783783924e-02 4.222972972972972860e-02 2.769087837837837895e+01 9.046621621621621046e+01 3.378378378378378566e-03 6.756756756756757132e-03 1.114864864864864857e-01 2.223986486486486314e+01 7.309121621621621934e+00 8.412162162162162282e-01 2.297297297297297425e-01 1.013513513513513570e-02 0.000000000000000000e+00 1.689189189189189283e-03 0.000000000000000000e+00 3.682432432432432567e-01 0.000000000000000000e+00 0.000000000000000000e+00 0.000000000000000000e+00 0.000000000000000000e+00 0.000000000000000000e+00 0.000000000000000000e+00 0.000000000000000000e+00 1.013513513513513570e-02 0.000000000000000000e+00 0.000000000000000000e+00 0.000000000000000000e+00 3.040540540540540709e-02 0.000000000000000000e+00 3.040540540540540709e-02 9.797297297297297147e-02 7.957770270270270174e+00 4.375000000000000000e-01 1.689189189189189283e-03 3.937500000000000000e+00 0.000000000000000000e+00 0.000000000000000000e+00 0.000000000000000000e+00
1.719594594594594517e+00 1.824324324324324287e-01 6.841216216216216006e-01 3.060304054054054035e+01 3.040540540540540571e-01 1.875000000000000000e-01 8.885135135135134865e-01 1.673141891891891873e+03 1.858108108108108211e-02 3.834459459459459429e-01 1.181790540540540491e+02 5.043648648648648418e+02 2.132810810810810835e+03 8.530506756756756204e+02 1.630152027027027088e+02 7.331081081081081141e-01 8.108108108108108558e-02 2.640033783783783861e+01 4.391891891891892136e-02 7.850929054054054177e+02 3.378378378378378566e-03 0.000000000000000000e+00 0.000000000000000000e+00 2.652027027027026862e-01 6.418918918918918581e-02 4.097972972972972805e+00 7.804054054054053724e-01 3.378378378378378566e-02 8.445945945945946415e-03 3.547297297297297147e-02 0.000000000000000000e+00 6.418918918918918581e-02 0.000000000000000000e+00 4.239864864864865135e-01 2.956081081081081141e-01 3.175675675675675436e-01 1.229729729729729826e+00 9.459459459459459985e-02 7.234797297297297369e+00 9.037162162162162282e-01 1.351351351351351426e-02 4.643581081081080697e+00 8.952702702702702853e-02 4.957770270270270174e+00 1.529391891891891930e+01 2.567567567567567433e-01 2.871621621621621712e-01 7.153716216216215784e+00 1.595810810810810949e+02 1.182432432432432429e-01 1.334459459459459429e-01 1.625000000000000000e+00 6.010135135135135087e+00 1.878547297297297192e+01 1.283783783783783772e+00 4.695945945945945721e-01 6.756756756756757132e-03 0.000000000000000000e+00 1.452702702702702575e-01 0.000000000000000000e+00 1.577702702702702631e+00 0.000000000000000000e+00 0.000000000000000000e+00 1.689189189189189283e-03 0.000000000000000000e+00 0.000000000000000000e+00 5.067567567567567849e-03 0.000000000000000000e+00 0.000000000000000000e+00 0.000000000000000000e+00 3.378378378378378566e-03 0.000000000000000000e+00 1.689189189189189283e-03 0.000000000000000000e+00 5.236486486486486430e-02 3.547297297297297147e-01 4.949324324324324564e-01 3.125000000000000000e-01 0.000000000000000000e+00 6.148648648648649129e-01 1.689189189189189283e-03 0.000000000000000000e+00 0.000000000000000000e+00
3.783783783783783994e-01 1.689189189189189283e-03 2.939189189189189144e-01 7.103040540540540349e+00 1.283783783783783716e-01 1.300675675675675713e-01 2.297297297297297425e-01 7.633665540540540633e+02 8.445945945945946415e-03 4.842905405405405261e+00 1.030195945945946050e+03 8.974493243243243512e+01 8.530506756756756204e+02 3.757298986486486683e+03 7.362246621621621898e+02 9.756756756756756133e+00 3.074324324324324564e-01 4.845777027027027373e+01 5.743243243243243562e-02 2.216775337837837924e+03 6.418918918918918581e-02 0.000000000000000000e+00 8.445945945945946415e-03 1.065878378378378288e+00 9.121621621621621712e-01 1.678716216216216139e+01 1.770270270270270174e+00 5.236486486486486430e-02 1.385135135135135143e-01 1.131756756756756715e-01 3.378378378378378566e-03 1.520270270270270355e-02 0.000000000000000000e+00 1.520270270270270355e-02 3.750000000000000000e-01 5.236486486486486430e-02 2.533783783783783994e-01 6.418918918918918581e-02 1.729729729729729826e+00 4.942567567567567544e+00 1.402027027027027140e-01 8.479729729729730270e-01 1.689189189189189283e-03 8.108108108108108558e-01 2.702702702702702631e+00 6.756756756756757132e-03 2.871621621621621781e-02 4.932432432432432567e-01 5.545101351351351582e+01 1.689189189189189283e-02 3.113175675675675880e+00 1.226486486486486456e+02 7.145270270270269730e-01 6.773648648648649129e-01 1.534290540540540526e+01 1.241722972972972983e+01 2.751689189189189033e+00 0.000000000000000000e+00 3.993243243243243423e+00 0.000000000000000000e+00 1.121047297297297263e+02 3.378378378378378566e-03 0.000000000000000000e+00 3.378378378378378566e-03 7.094594594594594295e-02 3.378378378378378566e-02 3.665540540540540571e-01 8.783783783783784271e-02 1.689189189189189283e-03 2.027027027027027140e-02 1.689189189189189283e-03 0.000000000000000000e+00 2.060810810810810856e-01 8.445945945945946415e-03 8.277027027027027140e-02 1.535472972972973027e+00 3.614864864864865135e-01 2.280405405405405428e-01 5.405405405405405705e-02 6.587837837837837163e-02 2.770270270270270285e-01 1.689189189189189283e-03 1.689189189189189283e-03
1.537162162162162282e-01 8.277027027027027140e-02 4.054054054054054279e-02 3.435810810810810967e+00 4.222972972972972860e-02 2.364864864864864996e-02 1.182432432432432429e-01 1.171841216216216282e+02 1.689189189189189283e-03 5.067567567567567849e-03 1.619932432432432456e+00 4.038851351351351582e+01 1.630152027027027088e+02 7.362246621621621898e+02 2.216466216216216253e+03 1.689189189189189283e-02 4.138513513513513709e-01 6.724324324324324209e+01 3.562500000000000000e+00 2.107724662162162076e+03 1.450844594594594561e+01 5.743243243243242979e+00 3.609797297297297369e+00 1.337331081081080981e+02 1.696959459459459296e+01 2.856334459459459367e+02 2.672804054054054035e+01 2.445945945945946054e+00 1.875000000000000000e+00 1.021959459459459429e+00 3.716216216216216423e-02 2.866554054054053946e+00 1.055743243243243201e+00 1.942567567567567433e-01 2.491554054054053946e+00 2.027027027027027140e-02 2.890202702702702631e+00 1.452702702702702575e-01 1.701013513513513598e+00 1.003547297297297263e+02 2.858108108108107892e+00 2.956081081081081141e-01 1.351351351351351426e-02 1.706081081081081141e-01 1.055743243243243201e+00 1.182432432432432498e-02 1.689189189189189283e-03 2.263513513513513431e-01 3.158783783783783772e+00 1.858108108108108211e-02 9.628378378378378566e-02 3.706081081081081141e+00 1.266891891891891997e-01 2.347972972972972860e-01 3.930743243243243423e+00 3.572128378378378244e+01 3.885135135135134865e-01 6.756756756756757132e-03 3.214527027027027195e+00 2.533783783783783924e-02 9.737837837837837185e+01 9.847972972972972583e-01 4.391891891891891997e-01 5.472972972972972583e-01 1.047297297297297369e+00 1.013513513513513570e-01 1.802364864864864913e+00 3.361486486486486291e-01 3.378378378378378566e-02 5.405405405405405705e-02 1.604729729729729715e-01 1.351351351351351426e-02 9.847972972972972583e-01 4.206081081081081141e-01 4.898648648648648574e-01 2.412162162162162282e+00 4.543918918918918859e-01 1.114864864864864913e+00 2.466216216216216284e-01 4.222972972972972860e-02 1.391891891891891886e+00 3.378378378378378566e-03 5.067567567567567849e-02
4.611486486486486291e-01 3.554054054054053946e+00 4.932432432432432567e-01 1.300675675675675713e-01 1.196790540540540526e+01 4.276689189189189477e+01 2.442905405405405261e+01 8.845608108108108070e+01 1.926030405405405475e+02 9.575886824324325062e+03 8.904358108108108354e+02 1.418918918918918859e-01 7.331081081081081141e-01 9.756756756756756133e+00 1.689189189189189283e-02 1.792622635135134988e+04 3.165344594594594582e+03 2.935248310810810835e+03 9.273006756756756204e+02 9.132601351351351582e+01 1.334459459459459429e-01 5.945945945945946276e-01 4.097972972972972805e+00 3.378378378378378566e-03 4.167229729729729826e+00 6.925675675675675713e-02 8.277027027027027140e-02 9.121621621621621434e-02 5.877364864864864558e+01 9.615202702702703164e+01 5.736486486486486847e+00 3.011148648648648773e+01 7.986486486486486847e+00 7.184070945945945823e+02 5.536030405405405190e+02 4.966722972972972627e+01 8.775287162162162531e+02 3.747314189189189051e+02 8.445945945945946415e-03 6.283783783783783994e-01 5.067567567567567849e-02 5.574324324324324287e-02 8.277027027027027140e-02 5.067567567567567849e-03 3.209459459459459291e-02 9.628378378378378566e-02 8.057432432432432012e-01 1.119932432432432456e+00 2.018581081081081141e+00 4.543918918918918859e-01 1.451351351351351404e+01 1.139155405405405475e+02 0.000000000000000000e+00 3.378378378378378566e-03 2.763513513513513598e+00 4.645270270270270285e-01 4.406756756756756488e+01 5.743243243243243562e-02 2.395101351351351227e+01 7.263513513513512876e-02 6.915540540540540349e+01 4.442567567567567433e-01 1.756756756756756854e-01 3.716216216216216423e-02 8.750000000000000000e-01 1.266891891891891997e-01 7.432432432432432845e-02 1.013513513513513570e-02 1.013513513513513570e-02 3.935810810810810856e-01 4.645270270270270285e-01 3.209459459459459291e-02 7.043918918918918859e-01 4.577702702702702853e-01 1.315878378378378288e+00 3.264864864864864558e+01 2.035472972972972983e+01 2.552364864864864913e+00 8.395270270270269730e-01 3.885135135135135004e-02 2.812500000000000000e+00 0.000000000000000000e+00 1.739864864864864913e+00
2.809121621621621490e+00 6.807432432432432456e+00 1.508445945945946054e+00 1.444256756756756799e+00 5.260979729729729826e+01 2.559256756756756772e+02 5.571452702702702453e+01 2.125844594594594525e+02 4.370439189189189477e+01 1.237025337837837924e+03 6.030405405405405705e-01 0.000000000000000000e+00 8.108108108108108558e-02 3.074324324324324564e-01 4.138513513513513709e-01 3.165344594594594582e+03 1.518523141891891828e+04 1.728679054054053950e+03 2.195695945945945823e+03 1.487837837837837895e+01 5.067567567567567849e-03 1.182432432432432498e-02 3.986486486486486291e-01 2.702702702702702853e-02 6.118243243243242979e+00 1.858108108108108211e-02 2.364864864864864996e-02 3.187500000000000000e+00 7.227027027027027373e+01 8.015658783783783292e+02 6.258597972972972912e+02 1.058403716216216253e+03 2.315152027027027088e+02 1.317935810810810835e+03 5.579560810810810523e+01 2.201013513513513598e+00 1.255008445945946050e+03 5.000844594594594383e+01 1.351351351351351426e-02 1.925675675675675713e-01 6.655405405405405705e-01 1.689189189189189283e-02 0.000000000000000000e+00 8.445945945945946415e-03 0.000000000000000000e+00 4.915540540540540571e-01 2.432432432432432567e-01 4.775337837837837718e+00 2.677364864864864913e+00 4.898648648648648574e-02 6.587837837837837163e-02 7.094594594594594295e-02 0.000000000000000000e+00 5.067567567567567849e-03 0.000000000000000000e+00 1.689189189189189283e-03 1.469594594594594517e+00 6.756756756756757132e-03 2.187500000000000000e+00 8.783783783783784271e-02 7.229729729729730270e-01 2.027027027027027140e-02 4.222972972972972860e-02 1.858108108108108211e-02 1.182432432432432498e-02 0.000000000000000000e+00 0.000000000000000000e+00 1.689189189189189283e-03 0.000000000000000000e+00 6.250000000000000000e-02 2.027027027027027140e-02 3.378378378378378566e-03 1.064189189189189144e-01 1.182432432432432498e-02 7.601351351351351426e-02 3.079391891891892108e+00 3.429054054054054279e-01 5.709459459459459429e-01 6.756756756756757132e-03 0.000000000000000000e+00 6.587837837837837163e-02 0.000000000000000000e+00 6.554054054054053724e-01
1.436655405405405439e+01 5.873310810810810523e+00 1.429054054054053946e+00 3.777027027027027195e+00 4.152027027027027195e+00 1.877195945945945965e+01 1.484290540540540526e+01 3.007601351351351227e+01 4.843750000000000000e+01 5.545929054054054177e+02 2.011672297297297405e+02 3.442567567567567544e+00 2.640033783783783861e+01 4.845777027027027373e+01 6.724324324324324209e+01 2.935248310810810835e+03 1.728679054054053950e+03 2.088217398648648668e+04 7.485841216216215798e+03 2.641219594594594582e+03 1.219388513513513544e+03 4.185709459459459367e+02 1.699577702702702709e+03 3.136790540540540633e+02 3.658834459459459367e+02 8.785135135135135442e+01 1.241047297297297369e+01 7.168918918918919303e+00 2.137753378378378386e+02 4.056216216216216139e+02 7.818918918918919303e+01 7.183260135135135442e+02 9.496283783783783861e+01 1.276182432432432421e+02 1.560491554054053950e+03 7.666554054054054745e+01 6.503935810810810381e+02 1.956942567567567437e+02 3.057432432432432567e-01 1.868057432432432563e+02 2.523648648648648685e+00 2.072635135135135087e+00 5.236486486486486847e-01 1.689189189189189283e-02 1.182432432432432429e-01 2.753378378378378288e-01 9.729729729729730270e-01 4.915540540540540571e-01 6.739864864864865135e-01 3.530405405405405150e-01 1.112500000000000000e+01 1.807043918918919019e+02 8.445945945945946415e-03 1.013513513513513570e-01 5.280405405405405261e+00 1.000506756756756843e+01 4.863006756756756488e+01 8.986486486486486847e-01 6.083885135135135442e+02 1.605405405405405261e+01 1.289623310810810835e+03 2.882500000000000000e+02 1.842280405405405475e+02 2.088851351351351298e+02 5.181756756756756488e+01 3.785472972972972805e+00 1.736486486486486402e+00 2.804054054054054279e-01 1.047297297297297286e-01 9.385135135135135087e+00 2.150506756756756843e+01 4.527027027027026862e-01 5.528378378378378244e+01 2.454391891891892108e+00 1.764358108108108070e+01 3.220304054054054177e+02 4.691554054054054035e+01 1.123293918918918877e+02 1.660472972972972983e+01 1.216216216216216284e-01 1.696114864864864913e+01 1.148648648648648712e-01 2.287162162162162105e+01
2.913006756756756843e+01 9.337837837837838606e+00 4.673986486486486847e+00 1.370608108108108070e+01 1.244256756756756843e+01 8.323817567567567721e+01 6.404054054054054745e+01 1.118648648648648702e+02 2.012027027027027088e+02 1.572331081081081038e+03 2.690878378378378510e+00 2.195945945945946068e-02 4.391891891891892136e-02 5.743243243243243562e-02 3.562500000000000000e+00 9.273006756756756204e+02 2.195695945945945823e+03 7.485841216216215798e+03 2.129452702702702663e+04 1.601368243243243228e+02 3.175675675675675880e+00 2.695945945945946054e+00 1.952608108108108127e+03 2.380743243243243157e+01 4.690760135135134874e+02 2.379391891891891930e+01 1.274831081081081052e+01 2.979898648648648773e+01 1.523028716216216253e+03 3.946903716216216253e+03 9.183851351351351013e+02 9.025388513513513544e+02 5.310641891891891930e+01 1.459425675675675791e+02 9.429763513513513544e+02 1.790371621621621756e+01 7.651300675675676075e+02 2.220929054054054177e+02 4.459459459459459429e-01 1.099611486486486456e+02 4.935810810810810523e+00 4.020270270270270285e-01 3.597972972972973138e-01 1.351351351351351426e-02 1.182432432432432498e-02 6.081081081081081419e-02 3.648648648648648574e-01 1.621621621621621712e-01 8.074324324324324564e-01 2.635135135135134865e-01 5.506756756756756577e-01 4.375000000000000000e-01 0.000000000000000000e+00 1.689189189189189283e-03 6.756756756756757132e-03 5.743243243243243562e-02 5.270270270270269730e-01 4.729729729729729992e-02 4.583277027027027373e+01 2.971283783783783772e+00 6.352364864864864558e+01 2.269932432432432279e+01 1.916216216216216139e+01 1.755405405405405261e+01 4.229729729729729826e+00 7.398648648648649129e-01 9.459459459459459985e-02 8.445945945945946415e-03 1.013513513513513570e-02 1.462837837837837940e+00 7.048986486486486847e+00 6.081081081081081419e-02 2.105067567567567721e+01 4.121621621621621712e-01 5.532094594594594739e+00 5.682939189189189477e+01 3.996621621621621490e+00 2.998310810810810878e+01 3.589527027027027195e+00 2.364864864864864996e-02 1.489864864864864913e+00 5.067567567567567849e-03 2.040202702702702808e+01
